0.0 0.579381443299 0.650515463918 0.571134020619 0.613402061856 0.470103092784 0.485567010309 0.318556701031 0.641237113402
0.579381443299 0.0 0.462886597938 0.485567010309 0.30206185567 0.562886597938 0.309278350515 0.484536082474 0.482474226804
0.650515463918 0.462886597938 0.0 0.628865979381 0.29587628866 0.648453608247 0.558762886598 0.636082474227 0.477319587629
0.571134020619 0.485567010309 0.628865979381 0.0 0.568041237113 0.573195876289 0.320618556701 0.475257731959 0.624742268041
0.613402061856 0.30206185567 0.29587628866 0.568041237113 0.0 0.60618556701 0.460824742268 0.562886597938 0.318556701031
0.470103092784 0.562886597938 0.648453608247 0.573195876289 0.60618556701 0.0 0.472164948454 0.301030927835 0.652577319588
0.485567010309 0.309278350515 0.558762886598 0.320618556701 0.460824742268 0.472164948454 0.0 0.311340206186 0.568041237113
0.318556701031 0.484536082474 0.636082474227 0.475257731959 0.562886597938 0.301030927835 0.311340206186 0.0 0.615463917526
0.641237113402 0.482474226804 0.477319587629 0.624742268041 0.318556701031 0.652577319588 0.568041237113 0.615463917526 0.0